age,sex,bmi,smoker,charges,region_northeast,region_northwest,region_southeast,region_southwest,children_0,children_1,children_2
1.2748775189127768,0,-0.12552429121534012,1,27533.9129,0.0,0.0,1.0,0.0,1.0,0.0,0.0
-0.1486460728002598,1,-1.279488429011169,0,6985.50695,1.0,0.0,0.0,0.0,0.0,0.0,1.0
-1.5009934849276445,0,1.5749689561769653,0,2217.6012,1.0,0.0,0.0,0.0,1.0,0.0,0.0
-1.287464946170689,1,1.0178828206893238,0,1534.3045,0.0,0.0,1.0,0.0,1.0,0.0,0.0
-0.8604078686567781,1,-0.3382889668680543,1,18310.742,0.0,1.0,0.0,0.0,1.0,0.0,0.0
-0.9315840482424299,1,-1.1178847249848705,0,3484.331,0.0,0.0,0.0,1.0,0.0,1.0,0.0
0.9901728005701694,0,-0.6468789544559604,0,10355.641,0.0,1.0,0.0,0.0,1.0,0.0,0.0
1.559582237255384,0,0.8652119847247799,0,13635.6379,1.0,0.0,0.0,0.0,1.0,0.0,0.0
-0.6468793298998227,0,2.036229779729414,0,4753.6368,0.0,0.0,1.0,0.0,0.0,1.0,0.0
-1.5009934849276445,1,-1.4297230282315967,0,11884.04858,0.0,0.0,1.0,0.0,0.0,1.0,0.0
1.203701339327125,0,1.8397066823708,0,11093.6229,0.0,0.0,1.0,0.0,1.0,0.0,0.0
0.20723482512799934,1,-0.5981542195736599,0,5969.723,0.0,0.0,0.0,1.0,1.0,0.0,0.0
-0.3621746115572153,1,-1.3257769271493545,0,27375.90478,1.0,0.0,0.0,0.0,0.0,1.0,0.0
0.349587184299303,1,0.12459601451380546,1,39556.4945,1.0,0.0,0.0,0.0,0.0,1.0,0.0
-0.5045269707285189,1,0.7498967788366686,0,4670.64,0.0,0.0,0.0,1.0,0.0,1.0,0.0
-0.3621746115572153,1,0.5891051537250749,0,3935.1799,0.0,0.0,1.0,0.0,1.0,0.0,0.0
1.0613489801558214,1,0.49490399961929327,0,10825.2537,0.0,1.0,0.0,0.0,0.0,1.0,0.0
1.1325251597414732,0,-0.8474624463881001,0,13047.33235,1.0,0.0,0.0,0.0,0.0,0.0,1.0
0.42076336388495483,1,-1.2486294302523782,1,21098.55405,0.0,1.0,0.0,0.0,0.0,1.0,0.0
-1.5009934849276445,0,-1.0545425696378792,0,2201.0971,0.0,0.0,1.0,0.0,0.0,1.0,0.0
-1.1451125869993855,1,-1.927527402945772,0,21595.38229,0.0,1.0,0.0,0.0,1.0,0.0,0.0
0.6342919026419104,0,1.7292639499709177,0,11033.6617,0.0,1.0,0.0,0.0,0.0,0.0,1.0
-0.4333507911428671,1,-0.5080134600414031,0,5261.46945,0.0,1.0,0.0,0.0,0.0,1.0,0.0
-0.5757031503141707,0,-1.433783422805122,0,4134.08245,0.0,1.0,0.0,0.0,1.0,0.0,0.0
-1.0739364074137336,0,-0.07842371416244873,0,4234.927,0.0,0.0,0.0,1.0,0.0,0.0,1.0
1.7019345964266879,0,0.7498967788366686,0,14474.675,0.0,0.0,1.0,0.0,0.0,1.0,0.0
1.4172298780840804,1,0.19605895900784656,0,12928.7911,0.0,0.0,1.0,0.0,0.0,1.0,0.0
0.6342919026419104,1,0.9886479797599433,0,28468.91901,0.0,1.0,0.0,0.0,0.0,1.0,0.0
1.4884060576697322,1,0.3600988997782596,1,52590.82939,0.0,0.0,0.0,1.0,1.0,0.0,0.0
0.8478204413988658,1,-0.4617249619032171,0,9957.7216,1.0,0.0,0.0,0.0,0.0,1.0,0.0
0.8478204413988658,1,-1.1974684586259619,1,22218.1149,0.0,0.0,1.0,0.0,0.0,1.0,0.0
-0.07746989321460797,0,-1.726943911013633,0,7133.9025,1.0,0.0,0.0,0.0,0.0,1.0,0.0
-0.21982225238591163,1,0.7498967788366686,1,38709.176,0.0,0.0,1.0,0.0,0.0,1.0,0.0
1.3460536984984286,1,1.0349364778981287,1,47496.49445,0.0,1.0,0.0,0.0,0.0,1.0,0.0
-0.7180555094854745,1,-0.5494294846913588,0,2866.091,0.0,0.0,0.0,1.0,1.0,0.0,0.0
-1.5009934849276445,1,-1.1796027225024517,0,1711.0268,0.0,0.0,1.0,0.0,0.0,1.0,0.0
-0.6468793298998227,1,2.214887140964518,0,4266.1658,0.0,0.0,1.0,0.0,0.0,1.0,0.0
-1.0027602278280818,0,0.6337694940338506,0,3021.80915,0.0,1.0,0.0,0.0,1.0,0.0,0.0
0.42076336388495483,0,0.051508912190353494,0,8520.026,0.0,0.0,0.0,1.0,0.0,1.0,0.0
-0.7180555094854745,1,-0.1531349743153104,0,20277.80751,1.0,0.0,0.0,0.0,0.0,1.0,0.0
0.20723482512799934,1,1.0714800290598547,0,7162.0122,0.0,0.0,1.0,0.0,0.0,1.0,0.0
0.20723482512799934,0,-0.7150935832911821,0,7046.7222,0.0,0.0,1.0,0.0,0.0,1.0,0.0
1.4172298780840804,1,-0.1433900273388504,0,12925.886,0.0,0.0,1.0,0.0,0.0,1.0,0.0
0.349587184299303,0,2.1612899325939874,1,46200.9851,0.0,0.0,1.0,0.0,0.0,1.0,0.0
-1.5009934849276445,0,0.21717301079017742,0,2205.9808,1.0,0.0,0.0,0.0,1.0,0.0,0.0
0.6342919026419104,1,0.03201901823743351,0,10141.1362,1.0,0.0,0.0,0.0,0.0,0.0,1.0
-0.8604078686567781,0,-0.9473481528968168,1,16577.7795,0.0,0.0,1.0,0.0,1.0,0.0,0.0
0.8478204413988658,1,0.17088451265199145,0,9174.13565,0.0,1.0,0.0,0.0,1.0,0.0,0.0
-1.287464946170689,1,-0.7394559507323324,0,2102.2647,1.0,0.0,0.0,0.0,1.0,0.0,0.0
0.27841100471365116,0,0.8213597233307097,0,7345.7266,0.0,0.0,1.0,0.0,0.0,1.0,0.0
-0.3621746115572153,0,0.4331860021017116,0,5594.8455,1.0,0.0,0.0,0.0,0.0,1.0,0.0
1.630758416841036,1,1.1072115013068753,0,12979.358,0.0,0.0,0.0,1.0,1.0,0.0,0.0
0.9189966209845176,1,1.8218409462472898,1,47269.854,0.0,0.0,1.0,0.0,0.0,1.0,0.0
0.20723482512799934,0,0.9115004828629665,0,7443.64305,0.0,1.0,0.0,0.0,0.0,1.0,0.0
-1.5009934849276445,1,-0.19698723570938123,0,1719.4363,0.0,0.0,1.0,0.0,0.0,1.0,0.0
-1.4298173053419927,1,-1.433783422805122,0,1627.28245,0.0,1.0,0.0,0.0,1.0,0.0,0.0
0.7054680822275622,1,-0.30580581027985376,0,8703.456,0.0,0.0,0.0,1.0,0.0,1.0,0.0
1.0613489801558214,0,0.2788910083077579,0,11512.405,1.0,0.0,0.0,0.0,0.0,1.0,0.0
-0.1486460728002598,1,0.5712394176015647,1,40182.246,0.0,0.0,0.0,1.0,0.0,0.0,1.0
1.2748775189127768,1,0.15545501327259573,0,11353.2276,0.0,1.0,0.0,0.0,1.0,0.0,0.0
0.776644261813214,0,0.1651999602490563,0,10118.424,0.0,0.0,0.0,1.0,0.0,1.0,0.0
-0.3621746115572153,1,-0.8628919457674952,0,4894.7533,0.0,1.0,0.0,0.0,0.0,1.0,0.0
-0.5045269707285189,0,0.15545501327259573,0,5148.5526,1.0,0.0,0.0,0.0,0.0,1.0,0.0
-1.0739364074137336,1,-1.1666094598671717,0,1969.614,0.0,0.0,0.0,1.0,1.0,0.0,0.0
-0.29099843197156344,0,-0.4154364637650311,1,20234.85475,0.0,1.0,0.0,0.0,1.0,0.0,0.0
0.42076336388495483,0,1.5286804580387787,0,9704.66805,1.0,0.0,0.0,0.0,0.0,0.0,1.0
-0.5757031503141707,0,-0.2148529718328915,0,4350.5144,0.0,0.0,1.0,0.0,0.0,1.0,0.0
0.20723482512799934,0,1.188419392777377,0,6474.013,0.0,0.0,0.0,1.0,1.0,0.0,0.0
1.4172298780840804,1,-0.8320329470087043,0,12124.9924,0.0,1.0,0.0,0.0,1.0,0.0,0.0
-1.4298173053419927,0,-1.1666094598671717,0,2913.569,0.0,0.0,0.0,1.0,0.0,1.0,0.0
-0.006293713628956138,0,-1.0902740418848997,0,8582.3023,0.0,0.0,1.0,0.0,0.0,0.0,1.0
0.9189966209845176,0,0.10023364707265461,0,9625.92,0.0,0.0,0.0,1.0,1.0,0.0,0.0
-0.07746989321460797,0,-0.4844631715149571,0,5383.536,0.0,0.0,0.0,1.0,1.0,0.0,0.0
1.2748775189127768,0,0.2017435114107817,0,11842.62375,0.0,1.0,0.0,0.0,1.0,0.0,0.0
-1.5009934849276445,1,0.4997764731075224,0,1136.3994,0.0,0.0,1.0,0.0,1.0,0.0,0.0
1.3460536984984286,1,-1.1828510381612716,0,11345.519,0.0,0.0,0.0,1.0,1.0,0.0,0.0
-0.8604078686567781,0,-1.480071920943308,0,3353.4703,0.0,1.0,0.0,0.0,1.0,0.0,0.0
-1.5009934849276445,0,0.8189234865865945,0,2211.13075,1.0,0.0,0.0,0.0,1.0,0.0,0.0
1.203701339327125,0,0.5257629983780835,0,12643.3778,0.0,1.0,0.0,0.0,0.0,1.0,0.0
-1.4298173053419927,1,-0.30580581027985376,0,1253.936,0.0,0.0,0.0,1.0,1.0,0.0,0.0
1.203701339327125,1,-1.3777499776904756,0,10577.087,0.0,0.0,0.0,1.0,1.0,0.0,0.0
-0.7892316890711263,1,0.9447957183658718,1,51194.55914,0.0,0.0,0.0,1.0,0.0,1.0,0.0
-0.7180555094854745,0,-0.8092947373969638,0,5708.867,0.0,0.0,0.0,1.0,0.0,0.0,1.0
-0.29099843197156344,1,1.3021104408360797,0,4762.329,0.0,0.0,0.0,1.0,0.0,1.0,0.0
1.4172298780840804,0,0.9642856123187931,0,28287.89766,0.0,0.0,1.0,0.0,0.0,1.0,0.0
-0.7180555094854745,0,0.24803200954896767,0,4922.9159,0.0,1.0,0.0,0.0,0.0,1.0,0.0
1.7731107760123397,0,0.11647522536675518,1,47291.055,0.0,0.0,0.0,1.0,0.0,1.0,0.0
1.7731107760123397,0,-0.07598747741833416,0,16455.70785,0.0,1.0,0.0,0.0,0.0,0.0,1.0
0.349587184299303,0,-0.6777379532147513,0,7419.4779,0.0,1.0,0.0,0.0,1.0,0.0,0.0
0.6342919026419104,0,-0.5388724588001933,0,9447.25035,1.0,0.0,0.0,0.0,0.0,1.0,0.0
-1.1451125869993855,0,-1.0326164389408434,0,22395.74424,1.0,0.0,0.0,0.0,0.0,1.0,0.0
-1.2162887665850373,0,-1.5109309197020984,0,4296.2712,0.0,1.0,0.0,0.0,0.0,0.0,1.0
-0.8604078686567781,1,-1.8966684041869812,0,4827.90495,1.0,0.0,0.0,0.0,0.0,0.0,1.0
-0.21982225238591163,0,-0.09141697679772928,0,5272.1758,0.0,1.0,0.0,0.0,1.0,0.0,0.0
0.0648824659566957,1,-0.9116166806497963,0,6593.5083,0.0,0.0,1.0,0.0,0.0,1.0,0.0
-1.1451125869993855,0,0.3568505841194402,1,36021.0112,0.0,0.0,1.0,0.0,0.0,1.0,0.0
0.20723482512799934,1,-0.6931674525941464,0,6940.90985,0.0,1.0,0.0,0.0,0.0,1.0,0.0
0.7054680822275622,1,0.8570911955777303,0,8124.4084,0.0,0.0,1.0,0.0,1.0,0.0,0.0
0.5631157230562585,0,-0.16856447369470554,0,8930.93455,0.0,1.0,0.0,0.0,0.0,1.0,0.0
-0.4333507911428671,1,-0.9708984414232623,0,5257.50795,0.0,1.0,0.0,0.0,0.0,1.0,0.0
0.0648824659566957,0,-0.12552429121534012,0,6500.2359,0.0,0.0,1.0,0.0,0.0,1.0,0.0
1.630758416841036,1,1.5181234321476138,0,12982.8747,0.0,0.0,1.0,0.0,1.0,0.0,0.0
1.559582237255384,1,0.47947450023989696,0,13143.33665,1.0,0.0,0.0,0.0,1.0,0.0,0.0
-0.8604078686567781,1,-0.04594055757424816,0,4260.744,0.0,0.0,0.0,1.0,0.0,0.0,1.0
-1.0739364074137336,1,-0.2083563405152515,0,1977.815,0.0,0.0,0.0,1.0,1.0,0.0,0.0
1.559582237255384,0,-0.24571197059168234,1,29141.3603,0.0,1.0,0.0,0.0,1.0,0.0,0.0
-0.5757031503141707,1,-0.7548854501117281,0,4239.89265,0.0,1.0,0.0,0.0,0.0,1.0,0.0
0.27841100471365116,0,-0.9554689420438671,1,21880.82,0.0,1.0,0.0,0.0,0.0,1.0,0.0
-0.07746989321460797,1,-0.4154364637650311,0,6067.12675,1.0,0.0,0.0,0.0,0.0,1.0,0.0
0.9189966209845176,1,1.3021104408360797,0,10325.206,0.0,0.0,0.0,1.0,0.0,1.0,0.0
-1.4298173053419927,0,-1.9462052179839873,0,1728.897,0.0,0.0,0.0,1.0,1.0,0.0,0.0
-1.5009934849276445,1,0.17819322288433628,1,34303.1672,0.0,0.0,1.0,0.0,0.0,1.0,0.0
-1.287464946170689,1,0.8034939872071994,0,1532.4697,0.0,0.0,1.0,0.0,1.0,0.0,0.0
0.20723482512799934,0,0.3714680045841299,0,7050.0213,1.0,0.0,0.0,0.0,1.0,0.0,0.0
1.7019345964266879,0,-1.2177704314935873,0,14451.83515,1.0,0.0,0.0,0.0,1.0,0.0,0.0
-1.5009934849276445,0,1.089345765183365,0,2219.4451,0.0,0.0,1.0,0.0,0.0,1.0,0.0
0.9189966209845176,1,0.3560385052047348,0,11289.10925,0.0,1.0,0.0,0.0,0.0,0.0,1.0
-0.7180555094854745,0,-0.429241805315016,1,19107.7796,0.0,0.0,1.0,0.0,0.0,1.0,0.0
-1.3586411257563409,0,-1.3257769271493545,1,14711.7438,0.0,1.0,0.0,0.0,1.0,0.0,0.0
0.8478204413988658,0,0.5712394176015647,0,9283.562,0.0,0.0,1.0,0.0,1.0,0.0,0.0
-0.7892316890711263,0,-0.7768115808087632,0,3161.454,0.0,0.0,0.0,1.0,1.0,0.0,0.0
-1.3586411257563409,0,-0.29200046872986835,0,2457.21115,1.0,0.0,0.0,0.0,1.0,0.0,0.0
0.7054680822275622,1,0.12459601451380546,0,9290.1395,1.0,0.0,0.0,0.0,0.0,1.0,0.0
-0.5045269707285189,1,0.14895838195495573,0,4076.497,0.0,0.0,0.0,1.0,0.0,1.0,0.0
0.4919395434706067,0,-0.4617249619032171,0,8026.6666,0.0,1.0,0.0,0.0,1.0,0.0,0.0
0.13605864554234753,1,-1.0789049370790293,0,6858.4796,1.0,0.0,0.0,0.0,0.0,1.0,0.0
-0.29099843197156344,0,0.8570911955777303,0,5836.5204,0.0,0.0,1.0,0.0,0.0,1.0,0.0
-0.07746989321460797,0,-0.4462954625238214,0,7144.86265,1.0,0.0,0.0,0.0,0.0,1.0,0.0
0.4919395434706067,1,-0.4844631715149571,0,24603.04837,0.0,0.0,0.0,1.0,1.0,0.0,0.0
-0.3621746115572153,1,0.3600988997782596,0,14358.36437,0.0,0.0,0.0,1.0,0.0,1.0,0.0
1.7731107760123397,0,0.3868975039635262,0,14692.66935,0.0,1.0,0.0,0.0,1.0,0.0,0.0
-0.8604078686567781,0,-1.1974684586259619,0,3561.8889,0.0,0.0,1.0,0.0,0.0,1.0,0.0
-1.0739364074137336,0,-0.4844631715149571,0,18955.22017,0.0,0.0,0.0,1.0,1.0,0.0,0.0
-0.006293713628956138,0,-1.0326164389408434,0,8965.79575,0.0,1.0,0.0,0.0,0.0,0.0,1.0
0.6342919026419104,1,-0.1596316056329504,0,21232.18226,0.0,0.0,0.0,1.0,1.0,0.0,0.0
0.6342919026419104,0,0.4461792647369916,0,8283.6807,0.0,0.0,1.0,0.0,1.0,0.0,0.0
0.0648824659566957,1,0.2788910083077579,0,6986.697,0.0,1.0,0.0,0.0,0.0,1.0,0.0
0.27841100471365116,1,-0.5234429594207982,0,8606.2174,1.0,0.0,0.0,0.0,0.0,0.0,1.0
0.9901728005701694,0,0.2788910083077579,0,29186.48236,1.0,0.0,0.0,0.0,0.0,1.0,0.0
-0.7180555094854745,1,1.3573318070360203,0,3471.4096,0.0,0.0,1.0,0.0,0.0,1.0,0.0
1.7731107760123397,1,-0.9554689420438671,0,30166.61817,0.0,1.0,0.0,0.0,0.0,1.0,0.0
-0.1486460728002598,0,-1.1714819333554014,0,6686.4313,0.0,1.0,0.0,0.0,0.0,1.0,0.0
0.349587184299303,0,-0.47715446128261224,0,7421.19455,0.0,1.0,0.0,0.0,1.0,0.0,0.0
0.9901728005701694,1,0.12459601451380546,0,27346.04207,0.0,0.0,1.0,0.0,1.0,0.0,0.0
-0.21982225238591163,1,1.837270445626686,1,43753.33705,1.0,0.0,0.0,0.0,0.0,0.0,1.0
-1.1451125869993855,1,-0.9863279408026574,0,2396.0959,1.0,0.0,0.0,0.0,1.0,0.0,0.0
-1.2162887665850373,1,0.18631401203138656,0,2254.7967,1.0,0.0,0.0,0.0,1.0,0.0,0.0
0.9901728005701694,1,0.8960709834835714,0,10085.846,0.0,0.0,0.0,1.0,0.0,1.0,0.0
-0.29099843197156344,1,-0.013457400986047613,0,4751.07,0.0,0.0,0.0,1.0,0.0,1.0,0.0
-1.5009934849276445,0,-0.04512847865954331,0,2203.73595,1.0,0.0,0.0,0.0,1.0,0.0,0.0
0.20723482512799934,0,1.589586376641655,1,43896.3763,0.0,0.0,1.0,0.0,0.0,1.0,0.0
-0.006293713628956138,0,-0.9246099432850763,1,21659.9301,1.0,0.0,0.0,0.0,0.0,0.0,1.0
1.559582237255384,1,2.081706198952895,0,12574.049,0.0,0.0,0.0,1.0,1.0,0.0,0.0
-1.5009934849276445,1,0.18631401203138656,1,33732.6867,1.0,0.0,0.0,0.0,1.0,0.0,0.0
-1.4298173053419927,1,-1.6051320738078805,0,1242.816,0.0,0.0,0.0,1.0,1.0,0.0,0.0
0.349587184299303,0,1.358955964865431,1,42983.4585,0.0,1.0,0.0,0.0,1.0,0.0,0.0
1.203701339327125,1,0.6248366259720954,0,10594.2257,0.0,0.0,1.0,0.0,1.0,0.0,0.0
-1.0027602278280818,0,-1.156052433976006,0,3206.49135,1.0,0.0,0.0,0.0,1.0,0.0,0.0
0.9901728005701694,1,-0.2765709693504732,0,9869.8102,0.0,1.0,0.0,0.0,1.0,0.0,0.0
1.559582237255384,0,-0.38701370175035543,0,13041.921,0.0,0.0,0.0,1.0,1.0,0.0,0.0
1.203701339327125,0,0.2788910083077579,0,13430.265,1.0,0.0,0.0,0.0,0.0,0.0,1.0
0.0648824659566957,1,1.7292639499709177,0,6610.1097,1.0,0.0,0.0,0.0,0.0,1.0,0.0
1.630758416841036,0,1.3930632792830409,0,13470.8044,0.0,0.0,1.0,0.0,1.0,0.0,0.0
0.42076336388495483,0,0.19605895900784656,0,17929.30337,0.0,0.0,1.0,0.0,1.0,0.0,0.0
1.203701339327125,0,0.8473462486012696,0,11674.13,0.0,0.0,0.0,1.0,0.0,1.0,0.0
-1.287464946170689,0,-2.1411041575131917,0,2585.269,0.0,0.0,0.0,1.0,0.0,1.0,0.0
-0.7892316890711263,1,-0.5851609569383793,0,4435.0942,1.0,0.0,0.0,0.0,0.0,1.0,0.0
0.7054680822275622,0,-0.10684647617712442,0,8988.15875,0.0,1.0,0.0,0.0,1.0,0.0,0.0
0.27841100471365116,0,0.8343529859659896,0,19144.57652,1.0,0.0,0.0,0.0,0.0,1.0,0.0
1.4884060576697322,1,-0.2733226536916532,0,12146.971,0.0,0.0,0.0,1.0,1.0,0.0,0.0
-0.006293713628956138,1,0.2853876396253991,0,6338.0756,0.0,0.0,1.0,0.0,0.0,1.0,0.0
1.0613489801558214,1,-0.8905026288674655,1,25382.297,0.0,0.0,0.0,1.0,0.0,0.0,1.0
0.0648824659566957,1,-1.7513062784547833,1,17179.522,0.0,0.0,1.0,0.0,0.0,1.0,0.0
-1.4298173053419927,1,-0.8166034476293093,0,2221.56445,0.0,1.0,0.0,0.0,0.0,1.0,0.0
1.2748775189127768,0,1.2046609710714775,0,12646.207,0.0,0.0,0.0,1.0,0.0,1.0,0.0
0.4919395434706067,1,1.9111696268648422,1,46151.1245,0.0,0.0,1.0,0.0,0.0,0.0,1.0
0.9189966209845176,1,-1.0171869395614483,1,24869.8368,1.0,0.0,0.0,0.0,0.0,0.0,1.0
0.5631157230562585,1,-0.8320329470087043,0,9225.2564,1.0,0.0,0.0,0.0,0.0,1.0,0.0
-1.0027602278280818,1,-0.7085969519735421,0,2721.3208,1.0,0.0,0.0,0.0,1.0,0.0,0.0
-1.5009934849276445,0,1.0178828206893238,1,36149.4835,0.0,0.0,1.0,0.0,1.0,0.0,0.0
-1.4298173053419927,0,-0.2765709693504732,1,17748.5062,0.0,1.0,0.0,0.0,1.0,0.0,0.0
-0.21982225238591163,1,-0.3228594674886592,0,6548.19505,0.0,1.0,0.0,0.0,0.0,0.0,1.0
-1.0027602278280818,0,-0.3228594674886592,0,3213.62205,1.0,0.0,0.0,0.0,1.0,0.0,0.0
0.8478204413988658,1,2.0004983074823937,1,47462.894,0.0,0.0,1.0,0.0,0.0,1.0,0.0
0.776644261813214,0,2.3001554270085447,0,9541.69555,1.0,0.0,0.0,0.0,1.0,0.0,0.0
-1.5009934849276445,0,1.5595394567975702,0,2217.46915,1.0,0.0,0.0,0.0,1.0,0.0,0.0
-1.1451125869993855,1,-0.6614963749206507,0,1815.8759,0.0,0.0,1.0,0.0,1.0,0.0,0.0
0.27841100471365116,1,-0.45198001492675655,1,37829.7242,0.0,0.0,0.0,1.0,1.0,0.0,0.0
-1.4298173053419927,1,-1.6700983869842816,0,1242.26,0.0,0.0,0.0,1.0,1.0,0.0,0.0
-0.8604078686567781,0,0.13271680366085517,1,34838.873,0.0,0.0,0.0,1.0,1.0,0.0,0.0
0.7054680822275622,0,1.7682437378767588,0,10977.2063,0.0,0.0,1.0,0.0,0.0,0.0,1.0
0.9901728005701694,0,-1.294917928390564,1,24873.3849,1.0,0.0,0.0,0.0,0.0,0.0,1.0
0.5631157230562585,1,0.2788910083077579,0,8062.764,0.0,0.0,0.0,1.0,0.0,1.0,0.0
-0.8604078686567781,0,-2.0509633979809347,1,15006.57945,1.0,0.0,0.0,0.0,0.0,1.0,0.0
0.8478204413988658,0,-0.7768115808087632,0,9861.025,0.0,0.0,0.0,1.0,0.0,1.0,0.0
1.4172298780840804,0,-0.4471075414385268,0,14001.2867,0.0,0.0,1.0,0.0,0.0,0.0,1.0
-1.4298173053419927,1,-0.3545305451621549,0,1842.519,0.0,0.0,0.0,1.0,0.0,1.0,0.0
-1.287464946170689,0,-1.4118572921080863,0,3180.5101,0.0,0.0,1.0,0.0,0.0,1.0,0.0
-1.4298173053419927,1,-0.4682215932208571,1,16297.846,0.0,0.0,0.0,1.0,1.0,0.0,0.0
1.3460536984984286,0,0.9577889810011518,0,12235.8392,0.0,1.0,0.0,0.0,1.0,0.0,0.0
-1.4298173053419927,1,0.6199641524838652,0,1261.859,0.0,0.0,0.0,1.0,1.0,0.0,0.0
1.7731107760123397,1,-0.8092947373969638,0,14988.432,0.0,0.0,0.0,1.0,0.0,1.0,0.0
1.203701339327125,1,0.4997764731075224,0,12949.1554,0.0,0.0,1.0,0.0,0.0,0.0,1.0
-0.29099843197156344,0,0.6849304656602663,0,5246.047,0.0,0.0,0.0,1.0,0.0,1.0,0.0
0.0648824659566957,0,-0.8320329470087043,0,7077.1894,1.0,0.0,0.0,0.0,0.0,1.0,0.0
-0.4333507911428671,0,-1.3720654252875404,0,5354.07465,1.0,0.0,0.0,0.0,0.0,1.0,0.0
1.630758416841036,1,-0.09141697679772928,0,13352.0998,0.0,1.0,0.0,0.0,1.0,0.0,0.0
0.349587184299303,1,1.214405918047938,0,7152.6714,0.0,0.0,1.0,0.0,0.0,1.0,0.0
-0.7180555094854745,0,-1.433783422805122,1,16657.71745,1.0,0.0,0.0,0.0,0.0,1.0,0.0
-1.5009934849276445,0,-0.3845774650062403,0,2200.83085,1.0,0.0,0.0,0.0,1.0,0.0,0.0
-0.9315840482424299,1,-0.23271870795640237,0,2902.9065,0.0,0.0,1.0,0.0,0.0,1.0,0.0
0.42076336388495483,1,0.9577889810011518,1,42760.5022,0.0,1.0,0.0,0.0,0.0,1.0,0.0
0.9901728005701694,0,-0.40325528004445543,0,11741.726,0.0,0.0,0.0,1.0,0.0,0.0,1.0
-0.5045269707285189,0,-0.16125576346236067,0,4562.8421,0.0,0.0,1.0,0.0,0.0,1.0,0.0
-1.287464946170689,1,-1.345266821102275,0,2103.08,0.0,0.0,0.0,1.0,0.0,1.0,0.0
-1.4298173053419927,1,0.0011600194786426654,0,1639.5631,0.0,1.0,0.0,0.0,1.0,0.0,0.0
0.8478204413988658,1,-0.8417778939851649,0,8782.469,0.0,0.0,0.0,1.0,1.0,0.0,0.0
-0.5757031503141707,1,-0.47715446128261224,0,5031.26955,1.0,0.0,0.0,0.0,0.0,1.0,0.0
-1.0027602278280818,0,0.26752190350188765,0,18218.16139,0.0,0.0,1.0,0.0,0.0,1.0,0.0
0.6342919026419104,0,0.26752190350188765,0,8871.1517,0.0,0.0,1.0,0.0,0.0,1.0,0.0
0.20723482512799934,1,-0.09466529245654928,1,22144.032,0.0,0.0,0.0,1.0,1.0,0.0,0.0
0.9189966209845176,0,1.1275134741745008,0,33471.97189,0.0,1.0,0.0,0.0,0.0,1.0,0.0
0.4919395434706067,0,-0.2733226536916532,0,8823.279,0.0,0.0,0.0,1.0,0.0,1.0,0.0
-0.07746989321460797,0,-1.8040914079106092,0,6933.24225,0.0,1.0,0.0,0.0,0.0,1.0,0.0
1.1325251597414732,0,-0.6143957978677599,0,35160.13457,0.0,0.0,0.0,1.0,0.0,1.0,0.0
-0.07746989321460797,1,-1.726943911013633,0,5855.9025,0.0,1.0,0.0,0.0,0.0,1.0,0.0
0.7054680822275622,1,-0.04594055757424816,0,8116.68,0.0,0.0,0.0,1.0,1.0,0.0,0.0
-0.7892316890711263,1,-1.0204352552202682,0,5615.369,0.0,0.0,0.0,1.0,0.0,0.0,1.0
1.7731107760123397,1,1.3930632792830409,0,14418.2804,0.0,0.0,1.0,0.0,0.0,1.0,0.0
-0.21982225238591163,0,-1.296542086219974,1,18608.262,0.0,0.0,0.0,1.0,0.0,1.0,0.0
-0.5045269707285189,1,2.5900675995582363,0,4686.3887,0.0,0.0,1.0,0.0,0.0,1.0,0.0
-0.8604078686567781,1,-1.2153341947494722,0,2483.736,0.0,0.0,1.0,0.0,1.0,0.0,0.0
-0.5757031503141707,1,1.4466604876535727,0,3875.7341,0.0,0.0,1.0,0.0,0.0,1.0,0.0
1.1325251597414732,1,-0.26114146997107746,0,10796.35025,1.0,0.0,0.0,0.0,1.0,0.0,0.0
0.8478204413988658,0,-1.6213736521019806,0,9264.797,0.0,0.0,0.0,1.0,1.0,0.0,0.0
-1.0027602278280818,0,-0.6160199556971702,0,4189.1131,0.0,1.0,0.0,0.0,0.0,1.0,0.0
0.9901728005701694,1,0.9772788749540731,0,11264.541,0.0,0.0,0.0,1.0,0.0,0.0,1.0
0.776644261813214,0,-0.5234429594207982,0,25656.57526,1.0,0.0,0.0,0.0,1.0,0.0,0.0
-0.9315840482424299,0,-2.174399393016097,1,14455.64405,1.0,0.0,0.0,0.0,0.0,1.0,0.0
1.0613489801558214,1,-0.8320329470087043,0,25517.11363,1.0,0.0,0.0,0.0,0.0,1.0,0.0
-1.4298173053419927,0,0.41044779248997104,1,34439.8559,0.0,0.0,1.0,0.0,1.0,0.0,0.0
0.27841100471365116,0,-0.11090687075064985,0,7337.748,0.0,0.0,0.0,1.0,0.0,1.0,0.0
-1.4298173053419927,0,0.0011600194786426654,0,24059.68019,0.0,1.0,0.0,0.0,0.0,1.0,0.0
-1.5009934849276445,0,-1.4492129221845171,1,14283.4594,1.0,0.0,0.0,0.0,1.0,0.0,0.0
0.0648824659566957,1,-1.279488429011169,0,7173.35995,1.0,0.0,0.0,0.0,0.0,1.0,0.0
-0.07746989321460797,0,-0.26845018020342293,0,5974.3847,0.0,0.0,1.0,0.0,0.0,1.0,0.0
-1.0739364074137336,0,1.4466604876535727,0,2480.9791,0.0,0.0,1.0,0.0,1.0,0.0,0.0
-0.006293713628956138,0,-1.2640589296317732,0,7985.815,1.0,0.0,0.0,0.0,0.0,0.0,1.0
-0.6468793298998227,0,-1.4029244240463312,0,4718.20355,1.0,0.0,0.0,0.0,0.0,1.0,0.0
